4600300CF983		0003149049 048 03321
460030609385		0003170451 048 24723
46003060B0A6		0003170480 048 24752
46002FE98E0E		0003139982 047 59790
46003016DCBC		0003151580 048 05852
4600300FA3DA		0003149731 048 04003
46003014DFBD 		0003151071 048 05343
46002FF4E67B		0003142886 047 62694
4600300F4F36		0003149647 048 03919
460030107016		0003149936 048 04208
460030103751		0003149879 048 04151
4600300F5B22		0003149659 048 03931
46002FF4C954		0003142857 047 62665
46002FE6E56A		0003139301 047 59109
46002FF27AE1		0003142266 047 62074
460030014A3D		0003146058 048 00330
4600300094E2		0003145876 048 00148
460030011B6C		0003146011 048 00283
4600309E876F		0003186311 048 40583
4600300095E3		0003145877 048 00149
46002FFC9C09		0003144860 047 64668
46003000B9CF		0003145913 048 00185
46002FFD4FDB		0003145039 047 64847
460030307E38		0003158142 048 12414
4600305D4368		0003169603 048 23875
460030BED41C		0003194580 048 48852
460030225C08		0003154524 048 08796
4600302299CD		0003154585 048 08857
460030B5D81B		0003192280 048 46552
46003024F6A4		0003155190 048 09462
46003025085B		0003155208 048 09480
46003026E8B8		0003155688 048 09960
46003023A0F5		0003154848 048 09120
46003001CDBA		0003146189 048 00461
460030236633		0003154790 048 09062
46003001C3B4		0003146179 048 00451
46003026DE8E		0003155678 048 09950
46003025BEED		0003155390 048 09662
460030B5A566		0003192229 048 46501
460030263767		0003155511 048 09783
46003026DB8B		0003155675 048 09947
460030B5EE2D		0003192302 048 46574
46003028114F		0003155985 048 10257
460030204412		0003153988 048 08260
46002FFC61F4		0003144801 047 64609
46002FFEB423		0003145396 047 65204
460030B7D415		0003192788 048 47060
460030876D9C		0003180397 048 34669
460030876392		0003180387 048 34659
460030BF3FF6		0003194687 048 48959
460030C49C2E		0003196060 048 50332
460030BF66AF		0003194726 048 48998
460030442012		0003163168 048 17440
460030A5CF1C		0003188175 048 42447
4600303E753D		0003161717 048 15989
460030697D62		0003172733 048 27005
460030A5BD6E		0003188157 048 42429
460030A5BF6C		0003188159 048 42431
4600306CDEC4		0003173598 048 27870
4600303EB0F8		0003161776 048 16048
460030ACB66C		0003189942 048 44214
46002FE8AD2C		0003139757 047 59565
4600300084F2		0003145860 048 00132
46003055F1D2		0003167729 048 22001
4600304DE8D3		0003165672 048 19944
46002FF20299		0003142146 047 61954
46003048F2CC		0003164402 048 18674
4600300DCFB4		0003149263 048 03535
4600300DBFC4		0003149247 048 03519
46002FF1C159		0003142081 047 61889
46002FF1C25A		0003142082 048 61890
46002FF254CF		0003142228 047 62036
460030490D32		0003164429 048 18701
46002FF023BA		0003141667 047 61475
46002FF05CC5		0003141724 047 61532
460030475968		0003163993 048 18265
460030454576		0003163461 048 17733
460030362868		0003159592 048 13864
4600303DB6FD		0003161526 048 15798
460030444173		0003163201 048 17473
460030221642		0003154454 048 08726
46003025BAE9		0003155386 048 09658
46003029045B		0003156228 048 10500
460030525A7E		0003166801 048 21082
46002FD9E151		0003135969 047 55777
46002FE747C9		0003139399 047 59207
46003000AFD9		0003145903 048 00175
46003021A0F7		0003154336 048 08608
46003020EABC		0003154154 048 08426
4600305AE4C8		0003168996 048 23268
460030110A6D		0003150090 048 04362
460030880FF1		0003180559 048 34831
46003025B4E7		0003155380 048 09652
460030237227		0003154802 048 09074
4600302A772B		0003156599 048 10871
46003026A3F3		0003155619 048 09891
460030251E4D		0003155230 048 09502
460030225307		0003154515 048 08787
46003022D387		0003154643 048 08915
460030B1F433		0003191284 048 45556
4600302680D0		0003155584 048 09856
460030262171		0003155489 048 09761
460030486F51		0003164271 048 18543
460030A973AC		0003189107 048 43379
46002FE6F17E		0003139313 047 59121
460030ADBE65		0003190206 048 44478
4600300E0078		0003149312 048 03594
460030471726		0003163927 048 18199
4600304B526F		0003165010 048 19282
460030532306		0003167011 048 21283
46003050F4D2		0003166452 048 20724
46002FF7F56B		0003143669 047 63477
460030715057		0003174736 048 29008
46003070F5F3		0003174645 048 28917
46003070FFF9		0003174655 048 28927
46003076C6C6		0003176134 048 30406
4600306BADB0		0003173293 048 27565
460030716661		0003174758 048 29030
4600303F82CB		0003161986 048 16258
460030713F38		0003174719 048 28991
4600304A4478		0003164740 048 19012
46003053A287		0003167138 048 21410
46003001CEB9		0003146190 048 00462
46003055CCEF		0003167692 048 21964
46002FF30F95		0003142415 047 62223
4600304E8EB6		0003165838 048 20110
46003048EDD3		0003164397 048 18669
46003055C1E2		0003167681 048 21953
460030551536		0003167509 048 21781
4600304DF2C9		0003165682 048 19954
460030490639		0003164422 048 18694
4600304AC9F5		0003164873 048 19145
46003047E5D4		0003164133 048 18405
460030B5FD3E		0003192317 048 46589
4600302A560A		0003156566 048 10838
460030229FCB		0003154591 048 08863
460030265909		0003155545 048 09817
46003025CC9F		0003155404 048 09676
4600302A510D		0003156561 048 10833
4600300198EF		0003146136 048 00408
46003052B99D		0003166905 048 21177
460030B39055		0003191696 048 45968
460030B539FA		0003192121 048 46393
460030B3CC09		0003191756 048 46028
4600305EEAC2		0003170026 048 24298
46003060A6B0		0003170470 048 24742
4600300C1963		0003148825 048 03097
46003060AFB9		0003170479 048 24751
4600300C4A30		0003148874 048 03146
3D00C6A96C3E		0013019500
